4.897206746994811E-166 0.5663548831484502 0.4336451168515497 3.71563996582677E-115 1.5660088923786514E-150
0.09965364825413174 1.1238130167643329E-13 0.03437026325126454 0.3127743151220487 0.5532017733724427
4.275232688347815E-24 0.6096863966586821 0.39031360334131804 8.922799193461051E-46 2.355047699844741E-83
0.13414919250420912 0.10467160799318333 0.4508695970867526 0.015567160006095659 0.2947424424097593
1.2236704020044572E-52 1.4073054171345507E-11 0.9999999999859269 2.995127971786551E-49 1.2637107349116138E-82
6.902449247799986E-49 2.0606157809837187E-78 0.08058188767751535 0.23879853943002585 0.6806195728924589
0.22467767781893336 0.10035717324007491 8.903148908017635E-42 0.5677231489758267 0.10724199996516501
0.05475259967103244 1.7932678351729615E-110 0.6683499804974067 2.0335652269463766E-19 0.27689741983156096
8.941068118751977E-236 0.5984806034080405 3.471949477460837E-71 0.40151939063039405 5.96156549286012E-9
0.09895331507138598 0.1811421220446302 0.014989479322292673 5.327717946473054E-25 0.7049150835616911
1.9731351911683272E-110 1.0 2.1330616129006842E-153 5.023679560510187E-129 2.8855565240432877E-80
0.04843831168216322 0.015341958600135182 0.9255278692362389 3.8578798740949045E-58 0.010691860481462841
0.02047446351149856 0.056700292802493765 0.685924170124084 0.17232870660992378 0.06457236695199998
2.068417979955468E-150 5.9155199068415854E-89 1.6202276320917715E-51 9.625672771998456E-125 1.0
1.0 1.8970343442119035E-184 6.5606918225204E-176 4.184493687147908E-170 2.7180120916223512E-182
0.1485622639011227 0.10916653821754313 0.7422711978813342 5.73125806326589E-26 7.952013993763877E-84
6.406940329089544E-68 1.316625820720003E-106 1.0 3.504098001921622E-120 2.4084636310178232E-123
6.93565405619012E-72 1.240171701710613E-66 0.9988409215748703 1.1484064414860787E-13 0.0011590784250150284
1.0 3.4783459031177973E-103 2.6172738644619494E-99 3.847188356147871E-49 2.728486039185755E-57
5.636223435029036E-38 2.080666230580111E-36 2.7647042516722484E-53 1.0 2.7895792408137188E-49
1.7456940055952873E-195 1.0 1.2429303144634528E-25 2.0354873974818002E-164 3.214874060731453E-208
0.8120303490084829 0.0 0.1879696509915171 0.0 0.0
6.334955585357041E-41 0.5332875248713589 2.3871806499409306E-151 0.2713889809579949 0.19532349417064626
1.2504205118852512E-58 1.1064477483835927E-80 1.0 2.4199211861485367E-100 7.311589884073395E-116
0.6011567706369118 1.4447963513303582E-66 9.266339921822362E-22 0.3988432293630882 1.1735518349790824E-25
2.861956788320959E-32 0.25467037133716325 1.8619079871232578E-35 0.03089500487940161 0.714434623783435
0.015000228821626311 2.599929653760178E-50 6.690967220613488E-103 4.6824883983908895E-35 0.9849997711783738
0.3943497672072714 0.12135001617052404 4.1040909371242623E-70 1.3142215914259202E-48 0.4843002166222045
4.755451298492242E-127 0.17699568264510399 1.8031569986654404E-26 1.0908471563938132E-54 0.8230043173548961
0.2840401198169266 0.30814362498368386 4.4990780918251445E-39 0.4078162551993895 2.2604353286214547E-96
0.9578777611706827 0.0027711852215615267 0.039351053607590426 1.4308332433583362E-28 1.6544374496864236E-13
2.0284124314447406E-7 1.589590181760313E-10 0.8959215987833369 0.10407819797772419 2.38736709945192E-10
5.220057774649333E-96 7.47625020973337E-65 7.441172821070631E-57 7.294048694204756E-151 1.0
3.0623940154817623E-103 0.18829828139430455 1.0563183107134815E-49 0.8117017186056954 8.765585022853524E-76
4.785461675590827E-45 1.0 1.0620098265558737E-86 3.138385696418497E-73 4.123167953846688E-145
1.6561833874385105E-207 0.19630635638534863 0.3894115939889871 8.594598951202929E-88 0.4142820496256643
8.490429214058686E-83 0.20572136500908317 0.26637008680604196 0.5256172570589882 0.0022912911258866735
1.0173381924889092E-59 4.318643408685751E-115 3.575183552242358E-74 2.0782847936224126E-64 1.0
0.019673923743740006 8.826440255780707E-94 6.480591168338108E-83 6.087760247461496E-13 0.9803260762556512
1.0 5.994538420616743E-62 2.414852108929739E-123 1.740157399359929E-136 5.698580370362994E-147
0.3551698861621615 3.202483658435475E-122 3.484552398424453E-22 0.23136630983628093 0.4134638040015576
1.0 2.316496392994053E-56 4.448861131171766E-43 5.081572143688184E-33 1.0831284302438818E-119
2.1473208780541145E-81 0.47032221019243414 0.5296777898075659 1.660051164303248E-19 3.803874377231932E-82
5.889284604941582E-133 0.7748461364749157 0.2251538635250842 5.039429354635241E-67 5.908176013859749E-100
0.03154436498766274 0.7615463361513619 9.015653848617491E-43 2.939199346408165E-32 0.20690929886097525
0.002762689220760145 0.2175022132811789 0.3597363625257976 0.4199987349722633 2.09902207916361E-27
0.9714432793202058 3.1515324573364303E-164 2.871820748601554E-54 0.028556720679738024 5.625020505765984E-14
0.08000535047261247 4.005463510550008E-102 0.8180071317988226 0.10198751772856506 8.469108666106903E-19
1.937290721363511E-105 0.11279736976188957 0.877538954445059 2.947473459647697E-25 0.009663675793051434
0.007459406460814965 6.914045006747525E-149 0.02680639632127774 0.5187682413729195 0.4469659558449878
4.4528150486102306E-27 0.7775742747432398 1.627637000375554E-30 2.0243726217083973E-4 0.22222328799458932
0.9331625372703986 0.013274114983665996 9.171130399607249E-101 2.2204217910258725E-140 0.053563347745935505
0.05045597722134726 0.01663681617655014 2.7414662309111544E-41 0.9329072066021027 3.0223756986013303E-35
0.03323906657943691 0.03655706583817149 0.7587895688638927 1.971528957491599E-47 0.17141429871849895
1.03396536194481E-41 0.28083338590964096 0.13991571228379557 0.5792509018065635 1.4221215351856785E-87
0.02388321996150124 3.3682967879097105E-169 3.6389627228885265E-5 2.512609234518178E-7 0.9760801391503464
0.019556637888111142 8.234941363853045E-40 2.117129863721787E-23 7.015956124893208E-58 0.9804433621118889
0.7816479610499198 0.018382194800039876 0.19996979450174115 4.964829902319715E-8 2.633383381793252E-24
2.4995682697315793E-68 0.5322203376810171 0.08922888358186089 6.151172324595276E-12 0.378550778730971
1.0 0.0 0.0 0.0 2.278569920169029E-80
0.941814948402079 6.305795022375248E-159 0.05818505159792092 1.8098104650711444E-22 1.6361839527445817E-94
2.2002410853231716E-21 1.5827755337648574E-81 7.930238950736752E-67 0.7231788206132437 0.2768211793867564
1.0 3.0245220492098026E-149 2.129515178924902E-40 3.2937820675589786E-94 3.5012019520987865E-120
3.6211355516259504E-47 2.1498522424538355E-26 1.0 7.117119815902962E-50 1.4608398724304724E-125
0.7873053552176905 8.742537250444561E-169 0.21269464478230943 3.483906456698753E-45 4.1790107875936325E-34
0.10874433092288263 2.994681245247574E-98 2.669961562654561E-49 0.18939372042587435 0.701861948651243
1.0647095622309835E-12 0.9999999999989353 6.60783193319591E-133 9.440460179243288E-71 4.976431249214843E-95
0.2969288191390916 0.26450864953483894 8.838716643645914E-67 0.4384447829241861 1.1774840188340981E-4
4.930903008496195E-171 0.006811130027608354 1.7503027301443256E-235 4.0406433177100886E-112 0.9931888699723916
0.04192382227820711 0.9213222890650685 3.0331818636947606E-128 1.6821965812649347E-51 0.03675388865672442
1.58415382304389E-4 0.3568011054830294 3.075510692713783E-38 0.0422417834470764 0.6007986956875898
0.005193959076971848 0.7819916286111719 0.1618291380935699 9.494806171227467E-30 0.05098527421828637
0.841813201485428 3.355058943837511E-39 1.4321823698278584E-60 1.2113500432626444E-21 0.15818679851457196
1.9662083287304112E-21 0.02711253954936815 0.9257000094903556 1.257834032189887E-94 0.04718745096027635
0.6114999085495217 4.023529011015661E-32 0.229074804502082 0.15942528693675917 1.1636961637882543E-11
0.2629921084532498 3.865555636746879E-40 0.5103659818924696 0.21637371458259524 0.010268195071685299
0.07028976332769535 0.028908506246530966 0.8037559826071254 0.021338795457795125 0.07570695236085324
2.616313821780764E-68 5.6358668169950494E-68 0.4474589453263815 0.5525410546736184 1.1021754269495899E-16
6.201332108764016E-69 1.0784581944756318E-71 0.8513616571935614 0.1486383428064387 1.0676828315045793E-57
0.36151923312210776 0.39019035099631616 0.15129062957288705 0.09699978630868909 3.743053017640789E-64
1.2783339107828493E-52 0.10643216674443387 0.36079035067894316 7.670344450517406E-60 0.532777482576623
0.0314118738426712 0.34405227103884367 2.7363602747435107E-70 0.6245358551184852 6.970317716055844E-56
1.2972961982824775E-82 0.7602630727946733 1.2992761519296062E-37 2.1102237031972234E-4 0.2395259048350071
1.3954112705578824E-136 1.2025803152180397E-35 1.0 1.8689641322371272E-41 5.884448113226103E-59
0.006662737606353246 0.167144087660391 0.15166030647586173 0.20420270298822576 0.4703301652691682
1.7529037672527773E-160 0.6805545839533045 0.2564677860073813 3.428832216377275E-41 0.06297763003931428
0.9818859306135528 2.574158043870507E-127 1.5574633799781672E-94 4.241701197303541E-74 0.018114069386447336
0.22523982686691074 0.7531061903262467 7.489610116427141E-93 0.021653982806842602 4.160849908348189E-76
1.0 8.635550831729085E-203 5.600643894524479E-143 1.9306557863950074E-169 7.325131551728069E-146
4.445736163586188E-138 1.0 1.53952287202881E-45 2.1053725166258234E-33 4.511845510534005E-82
7.784524842183283E-25 8.341673133493212E-13 0.29041759086895497 0.7095824091302108 9.176460301590375E-20
0.10002020172257887 0.024006653608037002 0.3524177559607668 3.185528353812387E-51 0.5235553887086174
3.1407095827275363E-137 6.087754147624505E-43 0.4723448851584841 0.527655114841516 2.68882686032077E-48
1.2341034545540404E-22 2.889015171086441E-111 1.570255929490268E-43 5.270657543293095E-22 1.0
0.14600834426172615 0.04687242150044622 2.1960224260249314E-28 0.8071192342378276 3.6059533954560854E-77
0.14805717540289426 0.5251335925570441 2.2805368147394664E-38 0.13990596928071738 0.1869032627593442
7.367836177597589E-82 1.4837803608510043E-63 6.5790954088630604E-74 1.2208555970559298E-52 1.0
0.058511825712421334 0.1066350459454236 1.1625287455564187E-121 3.998981066998763E-133 0.8348531283421551
0.01860879207122074 0.9813912079287792 2.0450085158539136E-126 2.4565815020021545E-94 1.9182937870995374E-142
0.23655608811775344 0.08450601406608163 0.38036755431531977 0.29857034350084527 1.6205610351066306E-128
0.461990924418451 0.1065465950217897 0.11672559098201891 0.3147368895777403 5.1110356335503715E-20
0.22334091147239735 0.5054453090772097 0.13153703406727812 0.04246944536504115 0.09720730001807369
4.982249199378796E-94 6.776580544545799E-186 2.3300687573454045E-148 4.566221271122641E-89 1.0
1.3619936608452236E-70 0.07132143188019485 1.4699830241829915E-50 3.9576529364242965E-57 0.9286785681198052
5.231758022498254E-6 5.480226685835186E-28 0.9999947682419774 1.3887169898845448E-106 1.2207684164787435E-86
0.10281452696394826 0.8971854730360518 5.784075331028645E-140 6.266449531228404E-28 2.471595908088833E-132
0.017665461655403114 0.4408094488348015 3.54292982914726E-50 0.5415250895097955 1.4106459420795996E-41
4.9348396527147555E-147 0.1139182390331888 3.293459068169963E-122 3.711819808507674E-112 0.8860817609668112
0.004872559334534383 0.3937143882492913 0.56938028196748 0.00877663024956009 0.023256140199134117
4.856397181845872E-46 0.6894317459507411 0.017508369708536167 0.29305988434072283 1.7051854351146386E-18
0.017850979380581423 0.7012536292107241 0.01704632759012209 1.3674625096658015E-42 0.2638490638185725
0.044518004617602025 0.4782651732584784 0.15811919477464287 0.03984762695344423 0.2792500003958325
0.13849240552780898 5.23178346822022E-13 3.4602019947522013E-29 0.8615075944716678 7.219415151808589E-33
0.6552154632907753 0.060858761372679045 0.1929235779611471 0.09100219737539862 1.4491729062339015E-61
0.4278308270362062 0.37296193972589686 0.07404242467297109 0.12516480856452858 3.9733706597070497E-13
0.06458396799848955 2.9852581166615337E-53 8.598433764332881E-48 1.7321296668507863E-41 0.9354160320015105
0.27162235313837657 1.4033025349411134E-20 0.22769204291928669 0.5006856039423349 1.8231035066122977E-15
4.858300524842823E-27 0.04978638216248314 8.643878403476074E-83 1.1632667733816225E-35 0.9502136178375168
1.9509387669578246E-107 1.718855276084188E-108 1.6078510949856033E-56 1.2399366322374164E-93 1.0
0.9641934309100215 0.0358065690899785 2.8572606187117555E-51 2.113613617140905E-39 1.0130357020792553E-54
0.38409412263764703 7.330738795193048E-62 0.47198494097438026 0.14392093638797263 1.6439548489750858E-109
1.0 0.0 0.0 0.0 6.371747962361643E-281
2.138273763052955E-167 0.7528259978755897 8.111364646537612E-172 4.893652379057061E-101 0.24717400212441032
1.9552754433581612E-157 0.07539165619151349 0.8842829874799985 1.5746375393313241E-24 0.04032535632848795
5.073453125752328E-29 1.241175884160389E-51 1.0 5.62991772438461E-50 7.981805347613939E-33
0.9810676900792893 1.6687305715449634E-180 1.9661301050702887E-92 1.7831812188503835E-132 0.01893230992071079
1.5476358942263058E-57 0.21109152346174334 0.1633329077519054 0.6190269850550522 0.006548583731299125
1.0427007390619798E-171 1.0 9.135063178365115E-190 2.7661007806718916E-38 1.200351609326266E-44
5.9842350807405174E-30 0.7740511247217163 0.22594887527828375 1.1712815520061314E-53 3.462347599214077E-122
0.07178365425265158 0.7995678325948665 0.12864851315248202 2.999628091083591E-69 9.094399863728652E-109
1.0408338153785729E-66 0.20696377439861877 1.0148783942229892E-147 1.640971617487868E-98 0.7930362256013813
8.0230225814010085E-50 8.392144313254733E-98 1.4099958164886976E-76 4.096600710073889E-23 1.0
0.5446793306378402 1.4202334288866196E-11 3.718237381493639E-24 0.45532066934795745 2.1042863467398535E-31
0.2726519979228346 3.0484953057936004E-9 3.4649845683444737E-29 0.6979452058887486 0.029402793139921512
0.014878856772129478 7.610682307805874E-56 7.750797081499884E-50 0.103150734901061 0.8819704083268095
0.07580090745534189 7.151255733765591E-154 1.09954356718554E-20 2.088617868640147E-14 0.9241990925446373
4.410061210000138E-108 2.957803841367595E-20 0.9027997640311899 0.02529381313737027 0.07190642283143989
2.9752625377885146E-114 1.0 2.9041839558628932E-142 2.4037470122559232E-98 4.846228962101042E-100
1.526049256742561E-31 2.1156769045590688E-46 1.0 4.4379600837176994E-69 2.0448519444181347E-67
7.358318832841413E-55 2.773121141055503E-69 9.849186435047245E-16 1.2798972192231486E-34 0.9999999999999991
8.199040064203216E-60 0.7975306529981665 0.20246934700183364 1.3483462016268505E-17 4.836622665337459E-38
0.6072362431750321 5.416080176366842E-23 0.21580132455801573 0.06090699646438604 0.11605543580256607
0.025374940005969144 1.411625660198307E-59 1.8999134743798828E-36 0.9065386841664347 0.0680863758275962
0.9291179982985839 6.315404615137988E-108 3.8001733007407633E-13 3.216333645322772E-68 0.07088200170103622
0.6323369316348862 4.199583204393931E-42 4.111012947323122E-79 0.19093887990202849 0.17672418846308524
3.4508018695426065E-130 0.44033308559211504 2.0956561903328016E-182 6.254089876681763E-37 0.5596669144078851
7.978267558634998E-100 0.04956469315623823 0.563059467018212 0.28026487808768774 0.10711096173786218
0.026157225263385694 0.9738427747366142 2.678272633232414E-157 8.466365918580748E-145 2.083755539838694E-84
1.4486172845211604E-248 2.561824149272698E-163 0.22384925090380026 2.057688164643611E-79 0.7761507490961996
8.411457255326381E-20 0.7593201417916309 0.06488436304089074 0.1757954951674784 2.9717508385795555E-27
3.8602396460741144E-122 0.9501956489605075 8.173443819545699E-109 0.049804351039492545 6.773270564912375E-99
1.6660038400535088E-182 1.0 1.9835323224370486E-20 2.8504475285468598E-86 2.884529668613604E-175
2.9165541350333606E-56 0.7259454835036412 0.2740545164963587 3.1913541978173835E-49 4.230073869594638E-82
1.0 6.307762506883337E-204 2.594102632112267E-162 2.7988045140181252E-165 1.0662863030461632E-196
0.195779245216649 8.828336827597578E-144 1.681269142169344E-44 0.8042207264689636 2.8314387368011985E-8
0.0562100891489445 1.1316833560662493E-95 0.7396628978251711 0.036505766040194544 0.16762124698568986
1.1168713771036216E-176 0.21496456344903989 4.402555850182671E-152 9.079045448885982E-109 0.7850354365509601
1.2192070337863708E-46 1.0204093717367012E-79 1.4963023810932231E-4 0.9884653436577852 0.011385026104105488
6.792176297456233E-41 0.8164133246922076 2.9818340918616095E-22 0.13851028443380134 0.04507639087399106
0.014218431641912404 0.7054723393968124 0.2803092289611705 1.0467498473625566E-13 4.603396174360329E-192
1.5468228899023228E-77 0.1046014688196966 0.5785748009308053 0.31682373024949806 7.888408714930316E-66
0.3887953860893889 1.529516627741025E-141 0.05055832326900772 0.1353591018873892 0.42528718875421423
0.01994888985740011 0.3746219425910696 4.7914088196056205E-15 1.7263798558480228E-58 0.6054291675515256
0.07321454356956876 3.448104096686445E-129 0.07047206130919316 0.29566017151139135 0.5606532236098467
0.9637804718998724 0.03621952810012758 2.5466139984253247E-143 1.9099633570364507E-126 2.0190385289890854E-298
0.13191463362953992 0.040920711034029604 4.1596773862907385E-48 0.09575642589423479 0.7314082294421956
1.4943451047353113E-43 0.7465133483240451 0.09209630232928533 0.16139034934666943 1.722173296305666E-64
2.2261284800146857E-41 0.006601543487551469 0.9421727026760054 0.05122575383644311 3.689728315644735E-90
0.05986976373268408 0.10109921830437066 0.3709326284942597 8.38267471482072E-5 0.46801456272153746
0.009774314064757757 0.6303074964980183 0.20652675538561893 0.006845304009720255 0.14654613004188485
7.412200642074144E-109 1.7147940603255182E-158 1.796581094875632E-59 5.750759809141007E-62 1.0
3.974322838660061E-16 1.1671182766381347E-82 0.21375063212609435 0.020044876874297745 0.7662044909996074
5.261668247045667E-79 0.9550899181693232 3.6990079835654626E-167 2.172306353289207E-114 0.04491008183067689
0.6718642187981985 5.583794635769825E-35 7.473278513148997E-17 0.32813578120180154 1.0983540327208684E-68
1.6178263989079438E-68 2.4899275587363438E-45 0.9690915783883721 6.001273244340437E-48 0.030908421611627893
0.4734451726955667 4.149743782760628E-39 0.46909984010452405 5.161209127993663E-34 0.0574549871999093
4.859072085121609E-120 0.26207764880368667 0.7379223510977321 1.598579869453081E-88 9.858127793915761E-11
0.040775098230545335 0.2824007968607648 5.735903419037526E-23 2.0875395324771386E-68 0.6768241049086898
0.07969468776434888 1.2336173137038918E-32 0.41711230012244876 0.3659045596423288 0.13728845247087357
1.1005747880217562E-153 0.27336861812994456 2.2691731841827548E-35 1.436662985072454E-50 0.7266313818700555
3.5583863923046905E-68 6.159517453021652E-109 7.21382327443463E-156 5.674867430836123E-137 1.0
5.53214232913239E-28 0.8210551248719618 4.4538750715869533E-7 0.17894442974053112 6.504202964653626E-113
7.703989471500156E-28 0.19780349879939862 0.59129730856092 0.21089919263968135 4.3384850185444685E-48
0.31280079932183913 0.06348623834203893 4.8670891353542945E-21 0.6237129623361218 1.8913383655080996E-89
0.08638585630421201 1.0608952438475838E-29 0.913614143695788 2.161991329744307E-50 3.3352966467401337E-97
0.9435962393315 0.05640376066849991 1.1376046467494879E-150 2.7032496175877304E-70 2.5665144227989945E-153
0.7137385142567791 6.59033345742799E-212 1.9202108246706555E-104 4.448352717650492E-18 0.2862614857432209
1.0 2.1910520194108162E-158 1.5031035982070954E-258 1.7526390394673794E-251 2.5550848842172876E-161
0.06439936314065657 8.8578546639216E-68 0.24332117572695544 0.28911098996161794 0.40316847117077004
1.0127165840278557E-7 3.092605611484518E-33 0.9425160847755042 4.5452657388320074E-4 0.05702928737895413
0.006095544338444824 0.16446853732828004 4.2846515259280434E-49 0.35995184591499535 0.4694840724182799
0.27086878595639885 1.931696167745617E-73 0.16975464356154524 0.43478297272448563 0.12459359775757033
5.345984882322032E-8 0.5917971158865784 0.4081984523437182 4.378309854624253E-6 5.649589667820847E-33
0.04546401425329794 3.799923582062788E-88 4.651048438379803E-50 0.5072392559071148 0.44729672983958724
0.004658580752591429 2.648033264209432E-5 0.9578060855326541 3.1212931356503533E-26 0.03750885338211236
3.415722390576663E-117 4.456566816992813E-124 1.0 1.1581886821268612E-30 2.2333527847537103E-62
8.677955807865236E-100 0.22122621549535376 1.7003924731771155E-45 9.697336987925346E-14 0.7787737845045493
0.3273408154326 0.34400852334437804 0.17668724520997567 7.94657316500432E-4 0.1511687586965457
0.02757212164108419 2.057259175185453E-14 3.100832364154917E-19 0.02413472763313457 0.9482931507257606
1.0 2.459346043053898E-126 2.5355062216689583E-157 2.7460262071087336E-164 8.2979225847244E-106
9.078377162241411E-77 0.23992507249800374 0.7600749275019962 3.3317446594258547E-34 1.064900482064371E-34
0.3475760710008706 4.326931085742231E-78 0.0029321739737319494 0.6494917550253975 3.911956563854865E-36
0.67787581270745 1.881995939392243E-42 5.574052300052133E-29 0.3221241870382495 2.5430039999302983E-10
5.352351609913749E-54 0.7806387415150196 0.2193612584849803 1.0651204144625017E-68 9.058099380825145E-113
0.9191596447625733 3.0753708044280095E-128 1.0102766700487922E-56 2.3353073368389738E-18 0.08084035523742672
1.7197309467494825E-135 0.039909882875558814 5.62925135713907E-29 0.9600901171244413 6.045679244639036E-44
1.8803366559962252E-67 0.10721933807136395 0.5707994310027495 0.32198123092588643 4.974111859695358E-61
1.683489731248841E-163 4.664086367090416E-147 9.731108693919319E-173 2.5744702985180918E-155 1.0
3.492639557869064E-205 0.8760131686461385 0.12398683135386152 1.5527200262625554E-60 1.267241847309361E-24
3.281829420537691E-109 1.2809641033100885E-41 1.0 5.473270089104261E-112 6.394424115027947E-146
2.171845723070649E-108 0.09665208546844896 2.5213928572671936E-55 3.0047310334014097E-30 0.903347914531551
1.09694560727705E-127 0.43999504373900744 0.08092880775778473 0.4790761485032078 6.993873780132014E-25
2.889670141818276E-164 1.0 3.923547294116736E-60 2.8517840765136373E-59 1.2698919577157378E-118
1.2716020752804944E-41 0.09720962529367834 0.8952317976818649 0.0075585770244567425 2.0508035959828904E-106
1.2805154060055832E-29 0.6147534869714091 0.11913697651350733 0.2660095245180346 1.0001199704902178E-4
5.9688963039926784E-30 0.704440885828221 2.008816433277088E-5 0.28671357413014026 0.008825451877305957
0.24097487185967084 0.30752075809082263 2.273682755138391E-120 1.745284868107056E-64 0.45150437004950644
0.5847625136175486 0.05168110957862369 0.23534811865607796 0.03270699935020926 0.09550125879754046
0.9973428172445707 2.5645914233786684E-92 0.00265718275542931 1.1045958691110553E-55 1.2227355897911003E-98
1.0176169656255275E-202 0.9481439565956679 0.05185604340433215 1.1474972326405026E-23 2.142338068481163E-17
0.06207590046405666 1.6315116845127427E-46 0.5330071870072893 0.40491691252865414 1.0651587880178632E-125
1.1738169284695765E-90 0.09185141568123416 4.126381950658078E-202 1.8256316603079742E-95 0.9081485843187659
1.2767591532776541E-19 0.03344935369656687 0.015534797336921976 0.8046595693573974 0.14635627960911385
3.480901179424169E-97 3.195794597049928E-126 7.152605910760222E-87 0.03295879901628673 0.9670412009837132
1.1753698284359392E-24 0.3791397555122009 0.07477675846855837 0.5291217743229415 0.016961711696299203
0.0191410845344736 2.062120505608198E-25 0.04591956928946164 0.9349393461760648 2.0822706023849873E-61
1.1095221909091803E-224 4.598466998775302E-73 0.22392145198717744 6.014844697454726E-57 0.7760785480128225
0.12124156977476233 0.056276189342855214 1.3184720564727629E-34 5.764696361095827E-104 0.8224822408823824
0.8618446439727548 4.525535234566724E-109 9.694843753501005E-34 0.13815535602724507 6.157011362895156E-54
0.03113720945283099 0.0488707026156765 0.7764903744212247 0.1435017135102679 2.3091803499482365E-28
0.0348239037255698 0.6841367567569082 1.0520929181041734E-20 0.28103933951752197 6.688260710912905E-57
3.716535434586348E-143 0.08450812962515297 0.36762138433240144 0.5478704860424456 6.156213820862612E-53
0.1057550144978488 0.3310851370251783 0.03744339285549432 0.5257164556214785 1.0292368750035252E-72
1.6067291664820093E-88 0.3352352030476465 0.31491639020562157 0.3498484067467319 5.071271868485965E-32
0.48078162947959663 6.0405073785176624E-74 0.46922138203332875 0.04988734879099214 1.0963969608252361E-4
1.006131661605152E-27 0.3877327609413277 1.304087559332668E-14 0.06237377342488935 0.5498934656337698
1.1254316508986395E-112 3.712415288010933E-79 0.634789362970331 0.3652106370296691 1.0150170049418977E-44
0.8998618269157604 7.881427297602425E-99 9.699507684404554E-75 0.011369107301139917 0.08876906578309961
1.000236004528482E-39 0.18557163554649503 0.576457863543919 0.23797050090958594 1.6147203156786722E-31
1.0 7.460217928462627E-24 7.820000790907606E-113 3.146754966878288E-104 2.1931519075884238E-45
0.04919911337803812 0.7888796870756848 1.3065530195957313E-126 1.5458476062645425E-117 0.1619211995462771
0.9999998821158332 1.897821499772886E-98 4.889106716254283E-69 1.178841667297555E-7 8.482414144613676E-123
0.018796989821570253 2.4776462689563958E-64 8.4724337063046E-54 9.81093093331572E-48 0.9812030101784298
1.8598366755791864E-218 0.10623095776542148 2.351131478798295E-187 1.2991675565849175E-124 0.8937690422345785
3.10603243754774E-60 0.009391841772234313 0.671159965995753 3.7395607569796823E-25 0.31944819223201276
4.360838744455035E-6 0.17695097659459919 0.5676341670911846 0.18644383489694696 0.06896666057852466
5.700548410762058E-13 8.723227372750465E-145 0.9999999999973141 8.787085736102385E-107 2.115726313911912E-12
0.061514410008107034 0.5361349143724568 0.4023506756194363 3.0142634980252406E-55 4.6753980594449935E-40
0.7164613823679928 1.9367522841678206E-91 1.9276799736839337E-38 0.28353861763200716 1.9227753105767253E-83
0.0581106649470037 0.43250505609879086 1.0990469268830433E-16 0.5093842789542055 2.1136165270620552E-77
5.493847373999111E-64 0.030451316494315876 0.18273611229222808 0.6965463717391398 0.09026619947431629
7.585192502470505E-88 0.06090646205607232 0.9390935379439278 8.546230897439129E-49 1.6211796428660246E-138
0.09512121260127918 0.8563695523178853 1.942210112084415E-71 0.048509235080727166 1.0837724976740342E-13
6.101360618593737E-79 0.23593284612980972 7.2865597939265824E-99 4.1364817493758155E-72 0.7640671538701903
6.931347173445248E-36 3.8238697114778835E-76 0.10981041726357989 0.4067139336657367 0.4834756490706834
1.8917598445854988E-222 0.10305474046464892 9.564059798055166E-98 4.0680306184541316E-131 0.8969452595353512
1.844601259285318E-112 0.9999999998945681 1.054318048109889E-10 2.89194595881016E-106 1.992309558615818E-191
8.46421608639614E-156 4.137465564490308E-118 0.7794340375273705 4.010681137897996E-188 0.2205659624726295
2.9011310926777484E-170 0.0666864266790909 0.9333135733209091 5.235563670318271E-108 9.79292243661086E-115
1.5497682015550264E-161 0.13985834438762673 0.4000713565633807 0.4600702990489925 4.923393703357609E-50
8.973664458551123E-32 0.4380621887574934 2.8307730667775737E-6 0.561934980394601 7.483903900888952E-11
1.0836373586828352E-12 9.311000001019972E-61 0.9380344224137122 1.872503477934475E-29 0.06196557758520431
0.6437858047445753 2.059315884277047E-5 0.02172624816922356 0.3344673539273584 5.636128287183653E-21
7.993641696814585E-96 6.226301819892527E-50 0.4195796718974285 0.19082280139431773 0.38959752670825376
4.9570521926588645E-140 0.7961322455264084 0.07201347636320557 1.6991760883889747E-57 0.1318542781103861
0.09773469202191026 3.65823504377878E-74 1.3411587646815244E-86 0.9022653079780898 7.598886089944719E-93
1.2763496045387738E-17 0.18325158872254818 0.09647136901334381 3.3123878863280674E-27 0.720277042264108
0.02616084097439431 2.768906011953323E-115 0.9738391590256058 1.4938765881928427E-46 9.239483689584971E-58
1.0 1.3239593684625886E-183 1.7702678415457826E-97 1.1826543289020748E-144 1.2199305519678915E-167
3.621460788301545E-58 5.1236494772492985E-79 8.759747618489412E-62 1.521299319556096E-47 1.0
7.722789366345903E-6 0.9448848099038953 1.9273981069584868E-137 5.286334971528805E-59 0.05510746730673838
4.616764333343354E-28 0.3481292392638156 1.9096420420186504E-74 0.6517014646709054 1.6929606527895405E-4
0.4305914563553819 1.6017041796618095E-58 6.518718975820468E-71 0.5683705962373805 0.0010379474072377652
4.963292965174975E-203 0.27635307270244197 8.5314444037428E-231 6.111893650643172E-224 0.723646927297558
0.12685472551342317 0.2158617140008834 0.09077739897324118 2.1596854406454437E-155 0.5665061615124521
1.275362614187858E-50 0.42401158398778066 0.560143499175917 5.5551711268953205E-33 0.015844916836302493
7.729998580723259E-84 6.280230202332289E-41 0.9901430523121818 1.54761492154261E-74 0.00985694768781825
1.8301704935771207E-166 0.1809037419556525 0.8190962580443475 2.37166262840658E-83 1.1371368857036202E-42
1.135041185383776E-102 0.6650589182182577 1.2197354725903103E-26 0.3215782175768926 0.013362864204849601
5.26235832120842E-8 0.03363960199620165 0.9663603453802151 2.5500879646099095E-53 6.985962144652322E-72
4.8248015647932326E-170 1.0 2.2475630193433133E-70 5.929180107186251E-133 6.861487636413094E-152
0.012202768467785204 3.303872887907132E-37 0.9464154197328567 0.04138181179935811 2.0119215161287603E-41
0.04076875040607707 0.9592312495939229 2.6295778136891978E-86 8.352970879587227E-154 1.137529103512755E-146
1.2038507719553032E-80 2.4945145565721597E-43 1.0 7.075466011374497E-80 1.3420465417361431E-219
0.0990969539667358 1.96668018290811E-99 2.628882480216308E-144 0.8721836256593357 0.028719420373928495
6.604040206165181E-71 4.9836235030547415E-88 0.06501932809247189 5.42719243154863E-24 0.9349806719075281
1.0149333559965372E-127 8.911772384456456E-14 0.08747173477363765 0.8629169388435192 0.049611326382754097
0.048804826259223395 0.40802567308542725 1.7838080292307546E-62 0.5431695006553483 1.022562797295193E-15
0.08889602963899938 0.4262636192257366 0.05641258728788386 0.4284277638473801 8.2141741803858E-95
0.014532129023685232 0.9292481794644488 0.05621969151186386 2.189853025978699E-15 4.1139546749934373E-36
1.9494054171638368E-17 0.1413601114607052 0.10156419394068453 0.7570756945986102 2.4001472954578726E-81
9.664511223486234E-13 1.1416072732908939E-61 0.051181562287528126 0.9488184377115055 3.208656138970148E-33
0.9674255131838937 4.660884464873701E-236 0.03257448681610641 7.355744556550622E-45 2.4856628757598034E-66
3.561881801468606E-128 0.8529948354464935 1.3456061268712987E-24 1.2624109541768024E-30 0.14700516455350662
0.6979743555646005 1.476914212264139E-11 3.073010271603976E-4 0.30171834339347 1.6396995125876814E-54
0.06801236840721084 5.681473929547517E-39 2.528925563194417E-37 8.192169096289588E-68 0.9319876315927892
0.25149249370424526 0.18102773963143273 6.28856774231042E-70 0.567479766664322 1.1691969008538835E-87
4.6302906841772515E-49 3.383262643966794E-27 0.0074791047490191855 2.680401567982049E-38 0.9925208952509808
0.05387264470107485 3.204826906117978E-4 2.711080269436126E-58 0.9458068726083134 3.634243017406923E-97
1.0 8.835846893664955E-226 7.445673866610664E-173 1.241861103309596E-185 6.844476763442241E-156
0.07979215089264509 0.11927164689862255 1.7010430887120368E-15 0.7062516983289897 0.09468450387974094
0.41782949853706536 2.292584562866322E-44 0.5821705014629347 2.680299581588286E-56 2.5641946904298476E-92
2.5768165104566033E-31 0.03204452429670696 4.9493967843633204E-49 2.683387351227758E-42 0.9679554757032931
7.71952973704444E-100 0.7418672060408179 0.25813279395918204 1.1151629424343629E-77 9.266634244164762E-73
0.9551906634266855 8.598419280094937E-13 5.553740393124945E-112 6.124187863280285E-105 0.04480933657245471
7.770064646121415E-78 3.5858832805869634E-86 0.3912464522828392 0.6087535477171608 9.193301621064103E-58
3.7733160199981486E-145 4.402709567119131E-4 0.5265665838920094 0.47299314515127866 3.2099394794481633E-52
0.08310274572555708 2.570359935287981E-28 2.037989903624438E-16 0.9168972542744428 5.329330893017661E-29
1.6930248799820832E-159 4.545964227982345E-41 0.7035536307262392 0.2104634876985169 0.08598288157524382
0.40759463074563784 0.3941702897429625 7.969033123727632E-61 2.394815644803895E-13 0.19823507951116018
0.04472458384418633 0.03873679248581916 3.195199985826778E-23 0.9165386236699945 6.693921958534906E-81
7.554270518934383E-160 1.0369527988609927E-69 0.9750929353204242 0.024907064679575812 1.2802339042602613E-74
0.10150309955471974 6.337807860530574E-90 0.06438870749473685 0.8341081929505434 3.401709079142043E-59
1.0294263178837616E-10 7.920961133360499E-60 0.40767994133049396 0.06702580651164532 0.5252942520549181
0.09923566360834303 1.2717090422494385E-83 0.9001552194330442 1.4472098278014905E-13 6.091169584680451E-4
0.2710065779420994 0.21137887339288763 0.517614548665013 1.8199004226239422E-107 2.053512602867688E-151
7.84378462697911E-27 6.5219830546272334E-9 2.2446684089573946E-60 0.9999999934780169 1.6734911005062636E-32
0.12907194249711415 0.8709280575028858 1.6304211184345542E-68 4.928723407668732E-63 1.094015477982255E-61
0.15842152049230473 7.437297926880397E-62 3.3748947517350805E-14 0.6888784928353385 0.15269998667232296
1.5104207481919249E-68 0.8978933839604728 5.558212186490513E-7 0.10210606021830856 4.848980749279117E-66
0.014729681147968635 9.185437310837031E-18 0.7691996156439899 0.009339506244716543 0.20673119696332481
6.067212435617894E-30 0.5391127830693027 5.617767190745568E-7 0.4608640113317689 2.2643822209411957E-5
0.151838778729501 0.2792788344866818 0.014997051555079077 0.5538853352287382 9.014579930485769E-83
2.749166680807504E-6 2.31806477235139E-19 0.6196056007960513 1.1571901260699437E-12 0.38039165003611075
0.023150954885461112 0.43049117088395566 0.3302580494813764 1.083887059849547E-29 0.21609982474920691
8.22356876309725E-206 1.3453009404231584E-8 1.3835074760407344E-54 0.9999999864933681 5.3622598035618014E-11
8.648698804243238E-7 0.7961053988596319 0.11284154909350753 0.03273474938451006 0.05831743779246996
6.295054051883315E-47 0.04665604949440189 0.44693725103121806 0.4217231832092375 0.08468351626514249
0.16861891613159463 0.5289652097692816 1.8793345289179947E-5 0.3023970807538344 5.998882249354922E-75
0.05138318235875282 1.4171785693043602E-6 0.18821089077965122 0.7604045096830266 7.043969379201496E-77
0.11543129932480672 1.8738718418014422E-36 2.6868897883816708E-79 4.164806422219137E-15 0.884568700675189
1.0524616091130669E-77 1.0 8.200637887005882E-74 3.7623179790669855E-66 3.0252526923070346E-116
0.07453028732152366 7.50026944774006E-160 0.6676561789351532 1.3698069838434137E-32 0.2578135337433231
3.1915521349674376E-89 0.8780884699276011 4.027483108248918E-4 3.0259157650762178E-43 0.12150878176157402
3.004147356816743E-16 0.047672760245912486 0.5515467582862102 0.40078048146787426 2.654839336227622E-15
0.858131143502808 1.5476162426335044E-120 8.009642206416988E-28 0.09651825405270238 0.04535060244448974
3.6864218848114233E-69 0.6602329170404936 0.3290352595547083 0.01073182340479802 1.0088191586877848E-80
0.6345221735396825 0.04209721214503809 0.06314664568129837 1.9967711487615417E-31 0.260233968633981
1.9175914019611798E-78 6.069570417559389E-127 0.3292063175365488 4.162734171797967E-89 0.6707936824634512
6.165707045126867E-17 0.6606164138710313 1.0858249986713235E-64 4.346124952504046E-77 0.3393835861289685
0.021593710285624568 0.76189523675252 0.21651105296185544 3.766392165235591E-74 2.2350396524736514E-55
0.03340816439645532 0.0614732544751671 0.6702658545452316 0.23023146496409497 0.004621261619050991
4.523968987024893E-59 1.7672340362488544E-78 0.0026977086385272047 0.9973022913614729 1.45302670586195E-79
1.6583909084106582E-114 0.34922888238271843 3.5399767410549822E-75 0.0419496383779771 0.6088214792393046
0.7213602766650399 0.11572286993691754 0.10677157418934613 0.04257214257744782 0.013573136631248756
0.016255104685285935 0.03311261069745831 0.536157396392113 0.4144748882251427 8.268563013870369E-112
1.0992877645485654E-104 0.468724867458901 0.5312751325410989 1.326931078341819E-123 7.590190644222821E-87
0.061892959050221755 8.898973202379822E-74 0.618527716064873 0.3195793248849052 5.068327211388554E-77
0.08947501436736606 0.9105249856326341 5.5246092862505E-137 8.034275805491873E-100 6.115064568986465E-30
3.161583702982672E-51 0.2314597243892985 3.417168601122339E-31 5.3916696320223345E-86 0.7685402756107015
0.08458411567069431 2.680516741851978E-98 0.35656064777301455 9.243169267542996E-15 0.558855236556282
0.11478555976132289 0.027143689182087927 0.7251280677841009 0.061713063939167694 0.0712296193333206
4.895565196054296E-181 0.7450152789557094 1.1041419850793788E-72 2.750418984453434E-38 0.25498472104429054
0.21625399060177358 0.034679321621893244 0.7490666877763331 1.5331856788005026E-67 2.274755423729852E-121
4.076405349672782E-125 1.4604709074760737E-53 2.093371615619565E-16 6.793034610536604E-11 0.9999999999320694
7.565965128747794E-22 4.794271051731818E-94 0.9130436351707865 0.08695636482626254 2.9511212204400436E-12
0.030167711982773154 1.6039365219165572E-8 0.7281967159647162 0.24163555601314526 7.602018554968917E-38
1.939788393257572E-212 1.0 4.510457689403236E-64 3.260517348191698E-108 4.558542929989398E-58
6.77529413724461E-125 1.0 1.5504645232539811E-55 1.8393853172072524E-58 1.9679411031168855E-68
8.151639065899823E-90 0.17544914784745116 0.7947000700584997 0.02985078209404918 4.0198686465325985E-28
0.5555356451065051 2.946677539262592E-17 0.3570049437328774 0.08745941116061749 5.880447617376697E-143
0.03308600242153885 1.4758937221619246E-12 0.29774591492931307 0.26497815076910264 0.40418993187856944
0.950490865693192 6.10184201512429E-93 1.970651657208988E-119 9.578773307647121E-63 0.04950913430680807
1.6790487463195973E-57 0.04791667526248204 0.9520833247375179 1.1049078317124057E-48 4.026094952035545E-72
0.22859159695957323 0.47926382900739106 0.12127497306819789 0.00110987773827594 0.1697597232265618
0.03131034046020973 0.9686896595397901 6.20554799086889E-91 4.75339333665167E-46 1.4528411587064763E-93
0.4676997772070646 3.43174257767225E-66 2.4204352176980885E-43 0.30428967264779117 0.22801055014514424
0.08586236198480868 5.9650249038641566E-99 3.27153803106436E-100 0.9141376380151913 4.690573897624263E-67
1.2566044149438298E-49 1.9413062338382202E-12 0.14347866114259444 0.8565213388554643 6.126821330017963E-77
1.0 3.0380560190095896E-147 1.3774257424164509E-223 1.410972859002717E-185 7.667847974456071E-128
0.35759456861785344 0.20226240235822934 4.639797776477288E-5 0.4400966310461525 2.363354400299166E-101
7.711612877548644E-62 0.6278858929636894 1.267755915328837E-80 0.19272683026894785 0.17938727676736282
2.355640031420867E-174 1.0861790337998122E-119 1.388463901738612E-148 1.0049355904703369E-40 1.0
1.9925678333108528E-27 0.04290636136218132 0.8043040932399265 4.0958740063391257E-35 0.15278954539789227
0.5927992401214409 1.7069240814920717E-124 7.192899428859946E-70 0.07518863306096214 0.3320121268175968
1.0 3.973270088764623E-110 1.496334050566828E-126 2.3661345560294347E-68 7.963659340332819E-57
0.0951437844412967 0.24140555565570224 6.089215331001377E-132 0.019741933395558676 0.6437087265074424
2.2433360830008786E-138 0.20077537138401563 8.219004274339691E-91 3.748821931313191E-72 0.7992246286159843
4.886512378112614E-62 0.7155514843731909 0.28444851562680906 2.040763232421726E-44 8.574690957479254E-29
1.4079445902508761E-80 0.6926399462134992 3.0062348251038343E-28 0.22947405051645628 0.0778860032700445
0.0 4.5972010335507835E-111 0.0 1.0 3.600499297825897E-181
0.03882091346641216 0.1384723426504378 0.7777436735826404 0.04496307030050953 1.5009159611954616E-83
0.3360206139889648 0.019598974150793317 4.029045595429908E-21 0.08104816678558656 0.5633322450746553
0.9999999999984963 4.935082340469897E-139 9.262748036837852E-219 4.1092640156079285E-176 1.5036537891636835E-12
3.653424188887718E-105 0.12350452916769053 0.08676114050003983 0.7897343303322696 4.97087139215069E-80
0.001118935425659774 7.391266156895812E-45 3.1696814310709443E-23 0.06807549743280186 0.9308055671415383
0.15915525550761186 9.196527402307211E-110 1.0302585963815686E-62 1.9363140597738127E-26 0.8408447444923881
1.0599281266423052E-22 0.08127737347688559 0.5467149373274005 0.3627199082255499 0.009287780970163998
0.45373116853953993 3.268578833795772E-14 0.09884882251533011 0.4474200089450973 1.9556422450732003E-23
